2019  1           31453.1974           31453.1974
2020  1           31121.1078           31121.1078
2021  1           26204.4772           26204.4772
2022  1           21596.3792           21596.3792
2023  1           18803.0178           18803.0178
2024  1           18030.5786           18030.5786
2025  1           17530.9287           17530.9287
2026  1           14829.6428           14829.6428
2027  1           13113.5753           13113.5753
2028  1           11405.7251           11405.7251
2029  1           11447.7810           11447.7810
2030  1           11037.0322           11037.0322
2031  1           10252.6570           10252.6570
2032  1            9425.8288            9425.8288
2033  1            9482.0651            9482.0651
2034  1            9691.1831            9691.1831
2035  1            8582.0656            8582.0656
2036  1            7184.7449            7184.7449
2037  1            5751.5345            5751.5345
2038  1            4992.3673            4992.3673
2039  1            5164.2365            5164.2365
2040  1            5292.6518            5292.6518
2041  1            5371.3159            5371.3159
2042  1            5329.3235            5329.3235
2043  1            6578.2659            6578.2659
2044  1            9746.9317            9746.9317
2045  1           14400.1437           14400.1437
