2019  1           25152.3961           25152.3961
2020  1           24404.0560           24404.0560
2021  1           25477.3074           25477.3074
2022  1           32123.7833           32123.7833
2023  1           41731.7815           41731.7815
2024  1           45216.1465           45216.1465
2025  1           42007.4422           42007.4422
2026  1           49114.8391           49114.8391
2027  1           67971.5468           67971.5468
2028  1           81539.7045           81539.7045
2029  1           83489.8567           83489.8567
2030  1           79222.1979           79222.1979
2031  1           65560.0112           65560.0112
2032  1           54089.5255           54089.5255
2033  1           48613.0962           48613.0962
2034  1           45891.8543           45891.8543
2035  1           44130.1754           44130.1754
2036  1           51268.8161           51268.8161
2037  1           68129.0646           68129.0646
2038  1           77704.4048           77704.4048
2039  1           75829.9325           75829.9325
2040  1           71125.5237           71125.5237
2041  1           62402.5903           62402.5903
2042  1           51928.3167           51928.3167
2043  1           42743.6853           42743.6853
2044  1           34424.1437           34424.1437
2045  1           28243.2206           28243.2206
