2019  1           31453.1974           31453.1974
2020  1           32108.0333           32108.0333
2021  1           29820.0983           29820.0983
2022  1           28687.7808           28687.7808
2023  1           29938.3507           29938.3507
2024  1           33770.9280           33770.9280
2025  1           35676.8521           35676.8521
2026  1           33047.4863           33047.4863
2027  1           31059.4583           31059.4583
2028  1           28862.5808           28862.5808
2029  1           30247.2150           30247.2150
2030  1           30550.8590           30550.8590
2031  1           29378.7405           29378.7405
2032  1           27990.1796           27990.1796
2033  1           30046.1433           30046.1433
2034  1           32043.6737           32043.6737
2035  1           29005.6763           29005.6763
2036  1           25404.7974           25404.7974
2037  1           21098.4018           21098.4018
2038  1           18271.6759           18271.6759
2039  1           18708.6646           18708.6646
2040  1           18823.3803           18823.3803
2041  1           20047.3941           20047.3941
2042  1           21033.7747           21033.7747
2043  1           24424.9462           24424.9462
2044  1           31325.6660           31325.6660
2045  1           37703.2077           37703.2077
