2019  1           25266.5238           25266.5238
2020  1           24941.7534           24941.7534
2021  1           26466.5302           26466.5302
2022  1           30984.9829           30984.9829
2023  1           33509.9316           33509.9316
2024  1           32779.2011           32779.2011
2025  1           24159.4054           24159.4054
2026  1           21115.4255           21115.4255
2027  1           21504.1697           21504.1697
2028  1           20343.2531           20343.2531
2029  1           21639.7579           21639.7579
2030  1           22362.6482           22362.6482
2031  1           18038.1549           18038.1549
2032  1           14539.1754           14539.1754
2033  1           25075.1972           25075.1972
2034  1           37887.1618           37887.1618
2035  1           39643.7823           39643.7823
2036  1           36671.1380           36671.1380
2037  1           35583.6724           35583.6724
2038  1           34002.0441           34002.0441
2039  1           32247.7864           32247.7864
2040  1           30551.1849           30551.1849
2041  1           32622.2265           32622.2265
2042  1           34940.8024           34940.8024
2043  1           32033.6701           32033.6701
2044  1           27523.9445           27523.9445
2045  1           24965.5123           24965.5123
