2019  1           22355.1800           22355.1800
2020  1           21102.7400           21102.7400
2021  1           19795.1942           19795.1942
2022  1           18295.9896           18295.9896
2023  1           16065.7744           16065.7744
2024  1           13655.4541           13655.4541
2025  1           16946.1232           16946.1232
2026  1           22702.9688           22702.9688
2027  1           24104.1500           24104.1500
2028  1           21982.5332           21982.5332
2029  1           17517.5731           17517.5731
2030  1           13884.6877           13884.6877
2031  1           13426.7693           13426.7693
2032  1           11590.5605           11590.5605
2033  1           10004.8416           10004.8416
2034  1            8575.9238            8575.9238
2035  1            7354.0662            7354.0662
2036  1            5975.1022            5975.1022
2037  1            5038.9772            5038.9772
2038  1            4289.7331            4289.7331
2039  1            3648.9269            3648.9269
2040  1            3251.2960            3251.2960
2041  1            5287.1079            5287.1079
2042  1            9059.5385            9059.5385
2043  1           13073.2910           13073.2910
2044  1           16038.3263           16038.3263
2045  1           16783.0225           16783.0225
