2019  1           27916.2196           27916.2196
2020  1           26974.7358           26974.7358
2021  1           23887.7501           23887.7501
2022  1           20668.2265           20668.2265
2023  1           16749.0601           16749.0601
2024  1           12206.5493           12206.5493
2025  1            9095.0430            9095.0430
2026  1            7739.6014            7739.6014
2027  1           10673.4781           10673.4781
2028  1           14468.7902           14468.7902
2029  1           16121.0771           16121.0771
2030  1           16445.0231           16445.0231
2031  1           17130.1422           17130.1422
2032  1           17931.4394           17931.4394
2033  1           17513.4996           17513.4996
2034  1           16535.6603           16535.6603
2035  1           14179.4625           14179.4625
2036  1           11742.4926           11742.4926
2037  1           10836.2464           10836.2464
2038  1            9996.0101            9996.0101
2039  1           10904.8065           10904.8065
2040  1           14044.1043           14044.1043
2041  1           16733.4467           16733.4467
2042  1           17742.4853           17742.4853
2043  1           16172.6593           16172.6593
2044  1           15976.8638           15976.8638
2045  1           18270.5440           18270.5440
