2019  1           26759.6919           26759.6919
2020  1           26880.6972           26880.6972
2021  1           20997.1193           20997.1193
2022  1           15414.4501           15414.4501
2023  1           13866.2614           13866.2614
2024  1           12598.6780           12598.6780
2025  1           12709.9505           12709.9505
2026  1           15167.7090           15167.7090
2027  1           20860.1628           20860.1628
2028  1           24446.8267           24446.8267
2029  1           27518.2694           27518.2694
2030  1           31616.2439           31616.2439
2031  1           33859.0999           33859.0999
2032  1           36291.0181           36291.0181
2033  1           35660.8317           35660.8317
2034  1           31581.8695           31581.8695
2035  1           30320.5455           30320.5455
2036  1           33667.1238           33667.1238
2037  1           35914.3147           35914.3147
2038  1           35370.7207           35370.7207
2039  1           28363.1045           28363.1045
2040  1           31923.3699           31923.3699
2041  1           47505.4565           47505.4565
2042  1           52591.2932           52591.2932
2043  1           47370.1795           47370.1795
2044  1           39019.5903           39019.5903
2045  1           31308.0007           31308.0007
