2019  1           26381.3616           26381.3616
2020  1           25495.3317           25495.3317
2021  1           21946.8589           21946.8589
2022  1           17924.4562           17924.4562
2023  1           13675.6075           13675.6075
2024  1           10021.5851           10021.5851
2025  1            9319.4290            9319.4290
2026  1           10422.4386           10422.4386
2027  1           17654.1286           17654.1286
2028  1           25842.6962           25842.6962
2029  1           30014.0789           30014.0789
2030  1           30987.3054           30987.3054
2031  1           27283.1151           27283.1151
2032  1           23373.0740           23373.0740
2033  1           18874.1502           18874.1502
2034  1           13671.5981           13671.5981
2035  1           10155.5497           10155.5497
2036  1            8126.2834            8126.2834
2037  1            7968.5581            7968.5581
2038  1            7532.9034            7532.9034
2039  1            8266.7639            8266.7639
2040  1            9340.1093            9340.1093
2041  1            9496.6698            9496.6698
2042  1           20058.4528           20058.4528
2043  1           37846.3452           37846.3452
2044  1           50661.3660           50661.3660
2045  1           53492.8644           53492.8644
