2019  1           24580.2720           24580.2720
2020  1           28268.2599           28268.2599
2021  1           40014.2735           40014.2735
2022  1           51083.7777           51083.7777
2023  1           58203.6642           58203.6642
2024  1           70288.9657           70288.9657
2025  1           92421.2677           92421.2677
2026  1          114995.4150          114995.4150
2027  1          108676.7426          108676.7426
2028  1           91917.5321           91917.5321
2029  1           67948.7653           67948.7653
2030  1           50026.4063           50026.4063
2031  1           52864.0782           52864.0782
2032  1           57812.6717           57812.6717
2033  1           73563.7467           73563.7467
2034  1           98290.2210           98290.2210
2035  1          134154.4330          134154.4330
2036  1          168287.1539          168287.1539
2037  1          167823.9034          167823.9034
2038  1          152794.0136          152794.0136
2039  1          125280.3989          125280.3989
2040  1          104944.8082          104944.8082
2041  1           97322.9993           97322.9993
2042  1           84611.7389           84611.7389
2043  1           83495.6352           83495.6352
2044  1           84953.7059           84953.7059
2045  1           89469.1838           89469.1838
