2019  1           27952.2318           27952.2318
2020  1           28601.3645           28601.3645
2021  1           29928.6424           29928.6424
2022  1           30912.6410           30912.6410
2023  1           33430.2965           33430.2965
2024  1           36745.4350           36745.4350
2025  1           37457.9009           37457.9009
2026  1           35568.2822           35568.2822
2027  1           30098.5429           30098.5429
2028  1           26438.6339           26438.6339
2029  1           31768.3754           31768.3754
2030  1           38690.4836           38690.4836
2031  1           41489.0345           41489.0345
2032  1           41931.7723           41931.7723
2033  1           35892.2680           35892.2680
2034  1           29589.9708           29589.9708
2035  1           23938.3806           23938.3806
2036  1           19761.0042           19761.0042
2037  1           20504.1412           20504.1412
2038  1           21610.0986           21610.0986
2039  1           24031.5199           24031.5199
2040  1           29363.6332           29363.6332
2041  1           34341.4431           34341.4431
2042  1           36023.3897           36023.3897
2043  1           35360.4021           35360.4021
2044  1           33580.2127           33580.2127
2045  1           31950.2659           31950.2659
