2019  1           26685.8031           26685.8031
2020  1           27043.8544           27043.8544
2021  1           28529.4277           28529.4277
2022  1           28733.4957           28733.4957
2023  1           26920.4806           26920.4806
2024  1           25896.3470           25896.3470
2025  1           27459.3060           27459.3060
2026  1           28873.4831           28873.4831
2027  1           29884.2517           29884.2517
2028  1           30020.8321           30020.8321
2029  1           28934.6835           28934.6835
2030  1           26687.3007           26687.3007
2031  1           24309.3102           24309.3102
2032  1           22788.0431           22788.0431
2033  1           27976.3123           27976.3123
2034  1           37642.7441           37642.7441
2035  1           50758.6065           50758.6065
2036  1           85589.6963           85589.6963
2037  1          130320.3659          130320.3659
2038  1          157551.5855          157551.5855
2039  1          140716.6872          140716.6872
2040  1          109288.7074          109288.7074
2041  1           74482.7158           74482.7158
2042  1           42902.9990           42902.9990
2043  1           34259.6035           34259.6035
2044  1           30587.9258           30587.9258
2045  1           34449.0384           34449.0384
