2019  1           27373.4560           27373.4560
2020  1           31486.2857           31486.2857
2021  1           43508.1142           43508.1142
2022  1           55754.6353           55754.6353
2023  1           63915.1398           63915.1398
2024  1           71076.0874           71076.0874
2025  1           71011.9262           71011.9262
2026  1           77684.9942           77684.9942
2027  1           90980.7302           90980.7302
2028  1          106048.0856          106048.0856
2029  1          121457.4598          121457.4598
2030  1          127096.6791          127096.6791
2031  1          110401.7647          110401.7647
2032  1           93304.1905           93304.1905
2033  1           86106.0996           86106.0996
2034  1           82546.7201           82546.7201
2035  1           84597.5861           84597.5861
2036  1           93075.8487           93075.8487
2037  1          110935.4756          110935.4756
2038  1          135884.7434          135884.7434
2039  1          142861.3993          142861.3993
2040  1          146746.8298          146746.8298
2041  1          135154.8146          135154.8146
2042  1          113682.8115          113682.8115
2043  1          107544.6324          107544.6324
2044  1          112180.2849          112180.2849
2045  1          133131.1693          133131.1693
