2019  1           30138.6866           30138.6866
2020  1           34764.9856           34764.9856
2021  1           46352.1893           46352.1893
2022  1           59891.5291           59891.5291
2023  1           73870.4362           73870.4362
2024  1           83990.5353           83990.5353
2025  1           89795.4400           89795.4400
2026  1           92171.8629           92171.8629
2027  1          104565.1307          104565.1307
2028  1          128733.0243          128733.0243
2029  1          145042.1723          145042.1723
2030  1          162180.1174          162180.1174
2031  1          170388.3631          170388.3631
2032  1          168398.7704          168398.7704
2033  1          165613.6987          165613.6987
2034  1          162658.2140          162658.2140
2035  1          150827.8494          150827.8494
2036  1          130393.5818          130393.5818
2037  1          113170.5918          113170.5918
2038  1           99072.2346           99072.2346
2039  1           84343.4956           84343.4956
2040  1           77856.5041           77856.5041
2041  1           83546.3702           83546.3702
2042  1           85713.5941           85713.5941
2043  1           79592.3581           79592.3581
2044  1           82792.3013           82792.3013
2045  1           93122.3505           93122.3505
