2019  1           26685.8031           26685.8031
2020  1           30843.3752           30843.3752
2021  1           42727.6892           42727.6892
2022  1           54488.2487           54488.2487
2023  1           59508.4442           59508.4442
2024  1           67011.2516           67011.2516
2025  1           78453.4159           78453.4159
2026  1           87943.6683           87943.6683
2027  1           92168.1165           92168.1165
2028  1           93251.5450           93251.5450
2029  1           88796.9889           88796.9889
2030  1           81236.5942           81236.5942
2031  1           73649.4674           73649.4674
2032  1           68744.1783           68744.1783
2033  1           83177.5469           83177.5469
2034  1          111102.2304          111102.2304
2035  1          151317.7594          151317.7594
2036  1          255476.7622          255476.7622
2037  1          386115.4330          386115.4330
2038  1          466092.3754          466092.3754
2039  1          414467.5311          414467.5311
2040  1          323541.5438          323541.5438
2041  1          233568.0777          233568.0777
2042  1          145847.4211          145847.4211
2043  1          114873.7961          114873.7961
2044  1          100178.7625          100178.7625
2045  1          109673.7099          109673.7099
