2019  1           27413.1614           27413.1614
2020  1           31184.5037           31184.5037
2021  1           43582.1158           43582.1158
2022  1           59763.0900           59763.0900
2023  1           85525.0840           85525.0840
2024  1          114002.3496          114002.3496
2025  1          125122.8551          125122.8551
2026  1          133338.5401          133338.5401
2027  1          114481.5883          114481.5883
2028  1           97025.5780           97025.5780
2029  1           65259.7712           65259.7712
2030  1           31591.1373           31591.1373
2031  1           48374.3061           48374.3061
2032  1           73320.8062           73320.8062
2033  1           95723.1605           95723.1605
2034  1          110779.4926          110779.4926
2035  1           93499.8349           93499.8349
2036  1           73327.9359           73327.9359
2037  1           70874.5739           70874.5739
2038  1           79078.0902           79078.0902
2039  1           86965.5038           86965.5038
2040  1           87027.5709           87027.5709
2041  1           69044.5913           69044.5913
2042  1           50546.1679           50546.1679
2043  1           35232.1104           35232.1104
2044  1           25392.5035           25392.5035
2045  1           40105.3544           40105.3544
