2019  1           25257.6967           25257.6967
2020  1           25172.5046           25172.5046
2021  1           27346.9377           27346.9377
2022  1           31280.8297           31280.8297
2023  1           38667.9320           38667.9320
2024  1           49570.8197           49570.8197
2025  1           54749.3899           54749.3899
2026  1           52558.5685           52558.5685
2027  1           45187.1856           45187.1856
2028  1           38879.4374           38879.4374
2029  1           35511.3564           35511.3564
2030  1           32447.0449           32447.0449
2031  1           31003.3747           31003.3747
2032  1           30533.9816           30533.9816
2033  1           30039.6969           30039.6969
2034  1           27699.6903           27699.6903
2035  1           23263.4187           23263.4187
2036  1           21576.9978           21576.9978
2037  1           24467.2534           24467.2534
2038  1           33652.6598           33652.6598
2039  1           46823.6416           46823.6416
2040  1           55722.8667           55722.8667
2041  1           62226.1802           62226.1802
2042  1           65972.7992           65972.7992
2043  1           58285.7224           58285.7224
2044  1           48247.4313           48247.4313
2045  1           35833.0151           35833.0151
