2019  1           28855.9897           28855.9897
2020  1           32900.5170           32900.5170
2021  1           45172.7687           45172.7687
2022  1           54722.9554           54722.9554
2023  1           54989.6178           54989.6178
2024  1           60349.6355           60349.6355
2025  1           76311.4642           76311.4642
2026  1           96405.4446           96405.4446
2027  1          109850.8012          109850.8012
2028  1          120300.5418          120300.5418
2029  1          104879.1132          104879.1132
2030  1           84885.8040           84885.8040
2031  1           88187.8592           88187.8592
2032  1           93941.9827           93941.9827
2033  1           91314.0501           91314.0501
2034  1           90768.1431           90768.1431
2035  1           90980.7606           90980.7606
2036  1           93388.1693           93388.1693
2037  1          102681.5905          102681.5905
2038  1          111764.2956          111764.2956
2039  1          115100.3837          115100.3837
2040  1          118423.4748          118423.4748
2041  1          115947.6418          115947.6418
2042  1          112577.9707          112577.9707
2043  1          104263.4097          104263.4097
2044  1           92278.7482           92278.7482
2045  1           68945.8003           68945.8003
