2019  1           26783.2411           26783.2411
2020  1           30796.6073           30796.6073
2021  1           42638.7311           42638.7311
2022  1           53840.2815           53840.2815
2023  1           62783.6054           62783.6054
2024  1           71324.8443           71324.8443
2025  1           86161.9647           86161.9647
2026  1          106611.0033          106611.0033
2027  1          123632.6414          123632.6414
2028  1          138656.9991          138656.9991
2029  1          134002.0707          134002.0707
2030  1          121782.0042          121782.0042
2031  1           88232.2590           88232.2590
2032  1           63955.5920           63955.5920
2033  1           69028.2860           69028.2860
2034  1           72338.6502           72338.6502
2035  1           77957.3335           77957.3335
2036  1           86854.3405           86854.3405
2037  1          100703.7134          100703.7134
2038  1          105399.4606          105399.4606
2039  1          104010.2521          104010.2521
2040  1          114006.4403          114006.4403
2041  1          125866.6441          125866.6441
2042  1          141232.7022          141232.7022
2043  1          138735.1473          138735.1473
2044  1          124634.0686          124634.0686
2045  1           99033.7987           99033.7987
