2019  1           24653.4853           24653.4853
2020  1           28396.0500           28396.0500
2021  1           40313.1657           40313.1657
2022  1           51378.5214           51378.5214
2023  1           63100.7373           63100.7373
2024  1           79961.6911           79961.6911
2025  1           86402.4407           86402.4407
2026  1           94333.2343           94333.2343
2027  1           90740.6163           90740.6163
2028  1           89900.5563           89900.5563
2029  1          102029.6764          102029.6764
2030  1          108760.2981          108760.2981
2031  1          104734.2513          104734.2513
2032  1           98411.7180           98411.7180
2033  1           90062.2575           90062.2575
2034  1           85854.4238           85854.4238
2035  1          132661.5133          132661.5133
2036  1          200695.9826          200695.9826
2037  1          236895.7490          236895.7490
2038  1          243334.1403          243334.1403
2039  1          214401.6837          214401.6837
2040  1          175426.4063          175426.4063
2041  1          127886.6181          127886.6181
2042  1           93577.1094           93577.1094
2043  1           93997.6553           93997.6553
2044  1          100145.7015          100145.7015
2045  1          121301.1126          121301.1126
