2019  1           26381.3616           26381.3616
2020  1           26438.1346           26438.1346
2021  1           26656.9415           26656.9415
2022  1           26313.7714           26313.7714
2023  1           22804.3264           22804.3264
2024  1           20546.9025           20546.9025
2025  1           21247.5347           21247.5347
2026  1           25316.5683           25316.5683
2027  1           39437.1795           39437.1795
2028  1           55355.4867           55355.4867
2029  1           62549.4388           62549.4388
2030  1           63410.5339           63410.5339
2031  1           54930.6252           54930.6252
2032  1           46355.9814           46355.9814
2033  1           38107.8908           38107.8908
2034  1           29277.9241           29277.9241
2035  1           24172.5183           24172.5183
2036  1           22254.8885           22254.8885
2037  1           23983.1867           23983.1867
2038  1           24622.7726           24622.7726
2039  1           27201.2996           27201.2996
2040  1           30137.9778           30137.9778
2041  1           30930.5952           30930.5952
2042  1           48930.2999           48930.2999
2043  1           80961.8770           80961.8770
2044  1          102215.7936          102215.7936
2045  1          106770.5442          106770.5442
