2019  1           25152.3961           25152.3961
2020  1           23480.0739           23480.0739
2021  1           21922.8355           21922.8355
2022  1           22429.2860           22429.2860
2023  1           25716.5224           25716.5224
2024  1           26036.7077           26036.7077
2025  1           23589.5882           23589.5882
2026  1           26126.9251           26126.9251
2027  1           35003.8094           35003.8094
2028  1           41160.3613           41160.3613
2029  1           41923.3390           41923.3390
2030  1           39370.9099           39370.9099
2031  1           33405.3836           33405.3836
2032  1           28252.4883           28252.4883
2033  1           25443.9400           25443.9400
2034  1           23782.3433           23782.3433
2035  1           22701.9172           22701.9172
2036  1           26089.6287           26089.6287
2037  1           35017.1767           35017.1767
2038  1           40496.9644           40496.9644
2039  1           39608.1611           39608.1611
2040  1           36937.6475           36937.6475
2041  1           33320.9758           33320.9758
2042  1           28914.3395           28914.3395
2043  1           23910.4267           23910.4267
2044  1           18633.3463           18633.3463
2045  1           14455.5138           14455.5138
