2019  1           24949.9813           24949.9813
2020  1           28954.5172           28954.5172
2021  1           40399.1212           40399.1212
2022  1           52286.5698           52286.5698
2023  1           57880.0858           57880.0858
2024  1           70197.4858           70197.4858
2025  1           82365.5417           82365.5417
2026  1           90265.8311           90265.8311
2027  1           75117.0834           75117.0834
2028  1           59266.6300           59266.6300
2029  1           67910.3670           67910.3670
2030  1           84930.6389           84930.6389
2031  1           96624.3057           96624.3057
2032  1           98450.1697           98450.1697
2033  1           84202.2373           84202.2373
2034  1           72542.7534           72542.7534
2035  1           84324.0834           84324.0834
2036  1           95760.9519           95760.9519
2037  1          125204.3015          125204.3015
2038  1          167545.1215          167545.1215
2039  1          182270.2477          182270.2477
2040  1          177360.4633          177360.4633
2041  1          136022.7398          136022.7398
2042  1           93711.3802           93711.3802
2043  1           76152.8186           76152.8186
2044  1           61833.2460           61833.2460
2045  1           58559.0462           58559.0462
