2019  1           24999.6476           24999.6476
2020  1           28832.2400           28832.2400
2021  1           40501.5385           40501.5385
2022  1           57856.3641           57856.3641
2023  1           73414.5979           73414.5979
2024  1           82422.7572           82422.7572
2025  1           77066.2740           77066.2740
2026  1           68350.0391           68350.0391
2027  1           60022.1433           60022.1433
2028  1           53645.4965           53645.4965
2029  1           64498.2004           64498.2004
2030  1           89678.3249           89678.3249
2031  1          129368.8969          129368.8969
2032  1          166550.1208          166550.1208
2033  1          167580.3702          167580.3702
2034  1          157072.5815          157072.5815
2035  1          121820.2180          121820.2180
2036  1           91905.9386           91905.9386
2037  1           82523.1865           82523.1865
2038  1           79139.0341           79139.0341
2039  1           97404.0032           97404.0032
2040  1          109595.6643          109595.6643
2041  1          114844.8110          114844.8110
2042  1          144332.6570          144332.6570
2043  1          171640.3615          171640.3615
2044  1          187142.0240          187142.0240
2045  1          185493.8240          185493.8240
