2019  1           27916.2196           27916.2196
2020  1           27932.9894           27932.9894
2021  1           27106.5642           27106.5642
2022  1           26717.1802           26717.1802
2023  1           25832.3324           25832.3324
2024  1           23348.5458           23348.5458
2025  1           21107.0288           21107.0288
2026  1           21989.4099           21989.4099
2027  1           29183.4188           29183.4188
2028  1           35151.8117           35151.8117
2029  1           35326.9056           35326.9056
2030  1           32743.4041           32743.4041
2031  1           31753.7366           31753.7366
2032  1           31677.6316           31677.6316
2033  1           30736.8848           30736.8848
2034  1           28811.1544           28811.1544
2035  1           24636.3336           24636.3336
2036  1           20413.4576           20413.4576
2037  1           19317.1561           19317.1561
2038  1           18690.1595           18690.1595
2039  1           21708.8567           21708.8567
2040  1           28674.1878           28674.1878
2041  1           33322.4591           33322.4591
2042  1           34127.4759           34127.4759
2043  1           30639.8228           30639.8228
2044  1           29877.2297           29877.2297
2045  1           34440.3340           34440.3340
